1.670000000000000095e-01 1.209999999999999964e-01 5.999999999999999778e-02 1.899999999999999953e-02 7.000000000000000146e-03 0.000000000000000000e+00
1.640000000000000069e-01 1.209999999999999964e-01 5.999999999999999778e-02 1.899999999999999953e-02 7.000000000000000146e-03 3.000000000000000062e-03
1.469999999999999918e-01 1.179999999999999938e-01 5.999999999999999778e-02 1.899999999999999953e-02 7.000000000000000146e-03 3.000000000000000062e-03
1.179999999999999938e-01 1.089999999999999997e-01 6.199999999999999956e-02 2.100000000000000130e-02 8.000000000000000167e-03 4.000000000000000083e-03
1.260000000000000009e-01 1.250000000000000000e-01 8.500000000000000611e-02 3.400000000000000244e-02 1.400000000000000029e-02 6.000000000000000125e-03
2.810000000000000275e-01 2.849999999999999756e-01 2.159999999999999976e-01 1.160000000000000059e-01 7.000000000000000666e-02 3.500000000000000333e-02
5.909999999999999698e-01 6.029999999999999805e-01 4.719999999999999751e-01 3.039999999999999925e-01 3.609999999999999876e-01 2.919999999999999818e-01
7.700000000000000178e-01 7.860000000000000320e-01 5.949999999999999734e-01 4.159999999999999809e-01 7.580000000000000071e-01 1.598000000000000087e+00
8.080000000000000515e-01 8.309999999999999609e-01 6.800000000000000488e-01 4.929999999999999938e-01 1.231999999999999984e+00 3.044999999999999929e+00
8.090000000000000524e-01 8.329999999999999627e-01 6.850000000000000533e-01 5.240000000000000213e-01 1.608000000000000096e+00 1.447000000000000064e+01
